1638310800 1 20
1638310800 2 15
1638310800 3 25
1638310800 4 18
1638310800 5 22
1638310860 1 18
1638310860 2 20
1638310860 3 22
1638310860 4 25
1638310860 5 17
1638310920 1 23
1638310920 2 19
1638310920 3 24
1638310920 4 21
1638310920 5 16
1638310980 1 17
1638310980 2 23
1638310980 3 20
1638310980 4 26
1638310980 5 18
1638311040 1 21
1638311040 2 18
1638311040 3 19
1638311040 4 24
1638311040 5 21
1638311100 1 22
1638311100 2 20
1638311100 3 26
1638311100 4 17
1638311100 5 19
1638311160 1 18
1638311160 2 22
1638311160 3 21
1638311160 4 23
1638311160 5 20
1638311220 1 20
1638311220 2 17
1638311220 3 23
1638311220 4 20
1638311220 5 18
1638311280 1 24
1638311280 2 21
1638311280 3 20
1638311280 4 22
1638311280 5 24
1638311340 1 19
1638311340 2 23
1638311340 3 19
1638311340 4 25
1638311340 5 21
1638311400 1 21
1638311400 2 20
1638311400 3 24
1638311400 4 18
1638311400 5 23
1638311460 1 17
1638311460 2 24
1638311460 3 21
1638311460 4 20
1638311460 5 19
1638311520 1 22
1638311520 2 19
1638311520 3 18
1638311520 4 26
1638311520 5 20
